1352214600
1352215200
1352215800
1352216400
1352217000
1352217600
1352218200
1352218800
1352219400
1352220000
1352220600
1352221200
1352221800
1352222400
1352223000
1352223600
1352224200
1352224800
1352225400
1352226000
1352226600
1352227200
1352227800
1352228400
1352229000
1352229600
1352230200
1352230800
1352231400
1352232000
1352232600
1352233200
1352233800
1352234400
1352235000
1352235600
1352236200
1352236800
1352237400
1352238000
1352238600
1352239200
1352239800
1352240400
1352241000
1352241600
1352242200
1352242800
1352243400
1352244000
1352244600
1352245200
1352245800
1352246400
1352247000
1352247600
1352248200
1352248800
1352249400
1352250000
1352250600
1352251200
1352251800
1352252400
1352253000
1352253600
1352254200
1352254800
1352255400
1352256000
1352256600
1352257200
1352257800
1352258400
1352259000
1352259600
1352260200
1352260800
1352261400
1352262000
1352262600
1352263200
1352263800
1352264400
1352265000
1352265600
1352266200
1352266800
1352267400
1352268000
1352268600
1352269200
1352269800
1352270400
1352271000
1352271600
1352272200
1352272800
1352273400
1352274000
1352274600
1352275200
1352275800
1352276400
1352277000
1352277600
1352278200
1352278800
1352279400
1352280000
1352280600
1352281200
1352281800
1352282400
1352283000
1352283600
1352284200
1352284800
1352285400
1352286000
1352286600
1352287200
1352287800
1352288400
1352289000
1352289600
1352290200
1352290800
1352291400
1352292000
1352292600
1352293200
1352293800
1352294400
1352295000
1352295600
1352296200
1352296800
1352297400
1352298000
1352298600
1352299200
1352299800
1352300400
